# This file may be used to create an environment using:
# $ conda create --name <env> --file <this file>
# platform: win-64
asgiref=3.3.0=py_0
blas=1.0=mkl
ca-certificates=2020.10.14=0
certifi=2020.6.20=pyhd3eb1b0_3
convertdate=2.2.2=pyh9f0ad1d_0
cycler=0.10.0=py37_0
cython=0.29.21=py37ha925a31_0
django=3.1.2=py_0
ephem=3.7.7.1=py37he774522_0
fbprophet=0.7.1=py37h1834ac0_0
freetype=2.10.4=hd328e21_0
holidays=0.10.3=pyh9f0ad1d_0
icu=58.2=ha925a31_3
intel-openmp=2020.2=254
jpeg=9b=hb83a4c4_2
kiwisolver=1.3.0=py37hd77b12b_0
korean_lunar_calendar=0.2.1=pyh9f0ad1d_0
krb5=1.17.1=hc04afaa_0
libpng=1.6.37=h2a8f88b_0
libpq=12.2=h3235a2c_0
libpython=2.1=py37_0
libtiff=4.1.0=h56a325e_1
lunarcalendar=0.0.9=py_0
lz4-c=1.9.2=hf4a77e7_3
m2w64-binutils=2.25.1=5
m2w64-bzip2=1.0.6=6
m2w64-crt-git=5.0.0.4636.2595836=2
m2w64-gcc=5.3.0=6
m2w64-gcc-ada=5.3.0=6
m2w64-gcc-fortran=5.3.0=6
m2w64-gcc-libgfortran=5.3.0=6
m2w64-gcc-libs=5.3.0=7
m2w64-gcc-libs-core=5.3.0=7
m2w64-gcc-objc=5.3.0=6
m2w64-gmp=6.1.0=2
m2w64-headers-git=5.0.0.4636.c0ad18a=2
m2w64-isl=0.16.1=2
m2w64-libiconv=1.14=6
m2w64-libmangle-git=5.0.0.4509.2e5a9a2=2
m2w64-libwinpthread-git=5.0.0.4634.697f757=2
m2w64-make=4.1.2351.a80a8b8=2
m2w64-mpc=1.0.3=3
m2w64-mpfr=3.1.4=4
m2w64-pkg-config=0.29.1=2
m2w64-toolchain=5.3.0=7
m2w64-tools-git=5.0.0.4592.90b8472=2
m2w64-windows-default-manifest=6.4=3
m2w64-winpthreads-git=5.0.0.4634.697f757=2
m2w64-zlib=1.2.8=10
matplotlib=3.3.2=0
matplotlib-base=3.3.2=py37hba9282a_0
mkl=2020.2=256
mkl-service=2.3.0=py37hb782905_0
mkl_fft=1.2.0=py37h45dec08_0
mkl_random=1.1.1=py37h47e9c7a_0
msys2-conda-epoch=20160418=1
numpy=1.19.2=py37hadc3359_0
numpy-base=1.19.2=py37ha3acd2a_0
olefile=0.46=py37_0
openssl=1.1.1h=he774522_0
pandas=1.1.3=py37ha925a31_0
pillow=8.0.1=py37h4fa10fc_0
pip=20.2.4=py37_0
plotly=4.12.0=pypi_0
psycopg2=2.8.5=py37h7a1dbc1_0
pymeeus=0.3.7=pyh9f0ad1d_0
pyodbc=4.0.30=py37ha925a31_0
pyparsing=2.4.7=py_0
pyqt=5.9.2=py37h6538335_2
pystan=2.19.0.0=py37hcce6980_0
python=3.7.9=h60c2a47_0
python-dateutil=2.8.1=py_0
python_abi=3.7=1_cp37m
pytz=2020.1=py_0
qt=5.9.7=vc14h73c81de_0
retrying=1.3.3=pypi_0
setuptools=50.3.0=py37h9490d1a_1
sip=4.19.8=py37h6538335_0
six=1.15.0=py_0
sqlite=3.33.0=h2a8f88b_0
sqlparse=0.4.1=py_0
tk=8.6.10=he774522_0
tornado=6.0.4=py37he774522_1
tqdm=4.50.2=py_0
vc=14.1=h0510ff6_4
vs2015_runtime=14.16.27012=hf0eaf9b_3
wheel=0.35.1=py_0
wincertstore=0.2=py37_0
xz=5.2.5=h62dcd97_0
zlib=1.2.11=h62dcd97_4
zstd=1.4.5=h04227a9_0

pandas~=1.1.3
pyodbc~=4.0.30
numpy~=1.19.2
matplotlib~=3.3.2
fbprophet~=0.7.1
django~=3.1.2
pystan~=2.19.0.0